profEN0505 35
profEN1010 25
profEN1001 25
profSP0505 20
profSP1010 37
profSP1001 10

w.r.t. current - 0910/2017
a= [9.67, 14.94, -3.58, 6.43, 8.79, -1.6]
a_err= [0.06, 0.07, 0.09, 0.08, 0.07, 0.12]
b= [-2.65, -3.68, 1.31, -2.81, -2.31, -0.64]
b_err= [0.03, 0.03, 0.04, 0.04, 0.03, 0.05]
w.r.t. po3 - 0910/2017
a= [9.67, 14.94, -3.58, 6.43, 8.79, -1.6]
a_err= [0.06, 0.07, 0.09, 0.08, 0.07, 0.12]
b= [-2.65, -3.68, 1.31, -2.81, -2.31, -0.64]
b_err= [0.03, 0.03, 0.04, 0.04, 0.03, 0.05]


2017
profEN0505 20
profEN1010 0
profEN1001 25
profSP0505 0
profSP1010 15
profSP1001 10
w.r.t. po3 - 2017
a= [8.36, 0, -3.58, 0, 9.96, -1.6]
a_err= [0.09, 0, 0.09, 0, 0.11, 0.12]
b= [-2.14, 0, 1.31, 0, -2.28, -0.64]
b_err= [0.04, 0, 0.04, 0, 0.05, 0.05]